4.679865100162079905e+00
1.492575839262297643e+00
1.326426866368680235e+00
1.213233548367000036e+00
1.139763198498987773e+00
1.109351003624063026e+00
1.069268731178319110e+00
1.033802080829191450e+00
1.030394593455235874e+00
1.004827028418496360e+00
9.896291548201944233e-01
9.782945831557303684e-01
9.615283572787659550e-01
9.380610886782689839e-01
9.112962520481238116e-01
8.933955603277971003e-01
8.728903751787759902e-01
8.768227294150644502e-01
8.566692930987447330e-01
8.494653220661850801e-01
8.344126655237792400e-01
8.220064795166661664e-01
8.115637133171634821e-01
8.030228953393129254e-01
7.922644655729634833e-01
7.887304905565353241e-01
7.839713372085845844e-01
7.759571498119994803e-01
7.819994380622797836e-01
7.693893786240804111e-01
7.666483633977789758e-01
7.659194783518470384e-01
7.617070952159621378e-01
7.604702056576815306e-01
7.574110422532777109e-01
7.514048585566005523e-01
7.395237695593503968e-01
7.513666809207744102e-01
7.413383915851891048e-01
7.445099568336773777e-01
7.296422460292727452e-01
7.273008363764341677e-01
7.306450178364799486e-01
7.342967700474947179e-01
7.290538265647267258e-01
7.211784107868555171e-01
7.189258521151568049e-01
7.202076208431325011e-01
7.211004623913566114e-01
7.174965579068400823e-01
7.154684906563556490e-01
7.162447861470289112e-01
7.150890649718816272e-01
7.087860175583996503e-01
7.139534017579736158e-01
7.121487669340860194e-01
7.070996899437281824e-01
7.079976891747580270e-01
7.044165483080349066e-01
7.085242007876251247e-01
7.052433535737879788e-01
6.964089910121549210e-01
6.883367844651544498e-01
6.858642509484076388e-01
6.951973361307759447e-01
6.945468038992593796e-01
7.020248893307005078e-01
6.968995461970791672e-01
6.926134345671958181e-01
6.866571622071391268e-01
6.852963205709410310e-01
6.776731165208974561e-01
6.713128706459068340e-01
6.818231033364654525e-01
6.766624103908565058e-01
6.717384318791160824e-01
6.682914040363560071e-01
6.724788729857102965e-01
6.617052463736453616e-01
6.734059619806802566e-01
6.602524040701875929e-01
6.560129027561720783e-01
6.544749451770592863e-01
6.512376388899820956e-01
6.554953565152034090e-01
6.477727806102585584e-01
6.412421804732936215e-01
6.420589207502399587e-01
6.408315283319339084e-01
6.439712484841932927e-01
6.404032403348592917e-01
6.413610246446047602e-01
6.428917080539449103e-01
6.289586780594034199e-01
6.317170776985887581e-01
6.304958036022197954e-01
6.338249102360127285e-01
6.415980794745304028e-01
6.288255140285550215e-01
6.328474235868772890e-01
6.280906477065664184e-01
6.245849446583466857e-01
6.181158974340589252e-01
6.164795375919284171e-01
6.240643657998840022e-01
6.172233378554731198e-01
6.134249266809412848e-01
6.133959072291388370e-01
6.175881222768377921e-01
6.142944361407728371e-01
6.097503805568856849e-01
6.125288006369528082e-01
6.126477566247744422e-01
6.097951182648608803e-01
6.117440572509017516e-01
6.107796266545924002e-01
6.068175113545993815e-01
6.034477879189211746e-01
6.009898990394783036e-01
6.010576428135089300e-01
6.049323529474749384e-01
6.032660765619706211e-01
5.959868664068627142e-01
6.009061606108372366e-01
5.996857390252409159e-01
5.992865159187832358e-01
5.942326292139041843e-01
6.053321733369328994e-01
5.949104301641091608e-01
5.953870702910090129e-01
5.928925018752713161e-01
6.017351898311871228e-01
5.961918113271288400e-01
5.941999743581284354e-01
5.907165570227217444e-01
5.917788560251778796e-01
5.897444591532726710e-01
5.925676545992181188e-01
5.869277542511849299e-01
5.846782176843153822e-01
5.851050977995807534e-01
5.875189963431184381e-01
5.897054188325709934e-01
5.872027262305136164e-01
5.848460159191298802e-01
5.848654039517664494e-01
5.839401083016151350e-01
5.858922257416158130e-01
5.811874321163821300e-01
5.834862554590635186e-01
5.804211103443690511e-01
5.796440660747714801e-01
5.813473610522397195e-01
5.782055223817880174e-01
5.801436490803787427e-01
5.797933443784998309e-01
5.800299782030060580e-01
5.797541738092991670e-01
5.759641471896210785e-01
5.791006750635548928e-01
5.745377520181498276e-01
5.844974313391235743e-01
5.891864775513487862e-01
5.719453591666384673e-01
5.737017220539248896e-01
5.801953311116734291e-01
5.729501037386010021e-01
5.791113508468317406e-01
5.721094883534861841e-01
5.710499557568438078e-01
5.718556670328912572e-01
5.679535743358181676e-01
5.739867308694396320e-01
5.759598930002810535e-01
5.698770706538708319e-01
5.678175307873657429e-01
5.713616352568823276e-01
5.713131776227520220e-01
5.689075217446264432e-01
5.698022731945083796e-01
5.652609873654655948e-01
5.724717167205838342e-01
5.713255763611595484e-01
5.676298263436068137e-01
5.642717397528463907e-01
5.656050803697143525e-01
5.658853922026121364e-01
5.664740288605015772e-01
5.664709799257321432e-01
5.676744201256003208e-01
5.642243980132879422e-01
5.658466313279820747e-01
5.743191293356090243e-01
5.649328848337081821e-01
5.616185523414918279e-01
5.738815419167709875e-01
5.676696421865321529e-01
5.670299611606821610e-01
5.616890458865032576e-01
5.658870146302841242e-01
