3.402623147994619845e+00
1.378562406694388232e+00
1.236773546638139987e+00
1.138364442836682366e+00
1.072307382397633235e+00
1.058930726101261932e+00
1.008060155286364612e+00
1.004683118835851596e+00
9.873793732451215943e-01
9.572833347161185946e-01
9.703751951309530499e-01
9.407633412866469591e-01
9.094157478434387043e-01
8.994668089282892298e-01
9.076807044916044287e-01
8.769501936147756638e-01
8.568411410416976182e-01
8.494765425848771478e-01
8.323498978167560569e-01
8.310853958619930371e-01
8.369403579591507825e-01
8.129433285826287436e-01
8.157437178120130472e-01
8.035972899868081276e-01
7.918071391003083104e-01
7.880162039232304627e-01
7.897033417211519746e-01
7.820051967330586828e-01
7.746340087841740996e-01
7.748600813644999086e-01
7.693320782991485141e-01
7.664751265976067485e-01
7.704931449340159944e-01
7.617523218056005962e-01
7.673132467608151375e-01
7.503863943676734038e-01
7.511858430714053458e-01
7.485425859923641179e-01
7.505805700910773703e-01
7.413341852609349747e-01
7.517097337012228486e-01
7.368910881516012035e-01
7.468921121603153690e-01
7.332976441990017857e-01
7.336293976245591431e-01
7.368725451298299145e-01
7.341462964787198731e-01
7.324573948512415056e-01
7.304207336930780281e-01
7.315947562382353331e-01
7.285984657925145269e-01
7.326456727003731739e-01
7.253661717357742234e-01
7.203269625533753606e-01
7.282819908616999793e-01
7.108916629598898140e-01
7.196359756933671248e-01
7.111661098544446169e-01
7.062430505620325150e-01
7.175669527994642527e-01
7.018994290556248572e-01
7.094197322431318176e-01
7.046230663396498839e-01
7.043733987205880176e-01
6.969907923386328141e-01
7.005200260758476238e-01
6.931297886728875479e-01
6.910587874118089280e-01
6.957434628954002331e-01
6.861866239912252086e-01
6.964036123687130653e-01
6.864161711128765608e-01
6.773539498866294473e-01
6.820976908776935632e-01
6.782522091252575214e-01
6.752518945995348298e-01
6.777023606235081932e-01
6.815195374854980948e-01
6.769761762585009279e-01
6.711279193419372735e-01
6.664048549214325323e-01
6.749243989780082664e-01
6.665482817189469777e-01
6.691125890322214831e-01
6.669758346823373429e-01
6.662038479624603493e-01
6.656765405859450535e-01
6.625672072840625981e-01
6.635199862192766584e-01
6.612433452244012022e-01
6.578066068191917859e-01
6.555500176996792439e-01
6.572343322250709940e-01
6.574828735150126668e-01
6.501564156908641312e-01
6.542116212815195508e-01
6.626927301259295522e-01
6.576242894320826204e-01
6.536637548903385664e-01
6.496930199059370858e-01
6.489130472587142373e-01
6.474131845971246024e-01
6.454666556685884071e-01
6.458686577129388873e-01
6.479926699325528894e-01
6.464003652582142045e-01
6.507675293097692215e-01
6.421120154791741808e-01
6.488506640170234041e-01
6.428081297741831124e-01
6.428701122709022941e-01
6.408991021918210018e-01
6.395116253861427014e-01
6.399378521296784639e-01
6.350649786209794367e-01
6.351782164867595393e-01
6.384691170287205564e-01
6.368852232080585152e-01
6.358516269490478434e-01
6.370135193431915033e-01
6.339237152935613961e-01
6.436336311355789208e-01
6.445629520278045588e-01
6.298606629321509276e-01
6.356137977587789090e-01
6.363416993172715808e-01
6.327049949952229246e-01
6.351635954491954283e-01
6.321307221328675841e-01
6.392014644401343704e-01
6.290791445845642649e-01
6.278634709422263871e-01
6.289860115983829658e-01
6.340193542235641466e-01
6.337952154328162502e-01
6.290560707346399827e-01
6.289923143288516094e-01
6.272149237570734392e-01
6.277045888212047231e-01
6.291968277064731163e-01
6.278786945365028016e-01
6.269234352420172129e-01
6.214249544281750248e-01
6.232963385095066089e-01
6.320515612751577139e-01
6.238793203331811643e-01
6.208361343132022814e-01
6.224654729237727446e-01
6.268049280168933590e-01
6.239716815454414700e-01
6.275724882656028569e-01
6.261296462620281611e-01
6.258718579522332126e-01
6.226779474589158037e-01
6.228019539765747847e-01
6.307005768210534047e-01
6.253774275398367166e-01
6.202492238261183566e-01
6.259249063883681741e-01
6.213866483560018805e-01
6.186162466509199653e-01
6.183077430902526039e-01
6.184259969144543234e-01
6.202907603750432708e-01
6.185717645012704935e-01
6.214762528006833042e-01
6.201797140317708568e-01
6.184662104778814173e-01
6.179729971667392574e-01
6.150981117340178495e-01
6.245836926869261507e-01
6.182382325938742262e-01
6.117842673234876738e-01
6.179976443639672024e-01
6.160880903779920592e-01
6.253782116119931400e-01
6.154250265845068180e-01
6.196650113340207433e-01
6.135245341960243737e-01
6.130697678625394165e-01
6.132042958602523797e-01
6.179154927936379993e-01
6.127277019402866953e-01
6.149900893740845031e-01
6.016431334876309878e-01
6.001369019821027884e-01
5.996451891383148824e-01
5.970139507605529694e-01
5.967311690592783657e-01
5.960296086000257398e-01
5.963590072577842349e-01
5.945505743498495921e-01
5.957259026261009227e-01
5.950103771191735946e-01
5.936121432554508637e-01
5.955306464002928513e-01
5.943831300160647979e-01
5.955418732951465177e-01
5.945053957782712173e-01
5.935955964432757526e-01
