2.634193928187149591e+00
9.537417056268596705e-01
8.779678137544778549e-01
8.275043381677386067e-01
7.983477466670384493e-01
7.744612447909837716e-01
7.470646384279281405e-01
7.330611519422851607e-01
7.161726842167002172e-01
7.076674152803408280e-01
6.963782408867862372e-01
6.822333160397020535e-01
6.733211284094616778e-01
6.632412514726879760e-01
6.492447775857754788e-01
6.372588257183120497e-01
6.427022551732686217e-01
6.253683816923121253e-01
6.197247224438385826e-01
6.120924199558077650e-01
6.043397321403769507e-01
5.927455267470548295e-01
5.902537247804645615e-01
5.924795508672326960e-01
5.823845872913392396e-01
5.760671211238058698e-01
5.706209182035086869e-01
5.734037796215781801e-01
5.683346186650407583e-01
5.620246122622869489e-01
5.602803354627252652e-01
5.567227004008346025e-01
5.547854389948058129e-01
5.528174782680324029e-01
5.493462978283392140e-01
5.415481572090603546e-01
5.437186777476689103e-01
5.416791697189702326e-01
5.360795573934213909e-01
5.340090926877602007e-01
5.399706035736242526e-01
5.340738219936174147e-01
5.289849383981899411e-01
5.269907920307274063e-01
5.316025573431182316e-01
5.262465719204242331e-01
5.256051151738259097e-01
5.225811574894690947e-01
5.310822054908572731e-01
5.222681408404624692e-01
5.172435290767058991e-01
5.202937735035061406e-01
5.125248664272843424e-01
5.131892942135576341e-01
5.167401933167869998e-01
5.118225063902295258e-01
5.241162038718570892e-01
5.128798250421708893e-01
5.061878648386701762e-01
5.058661033761000514e-01
5.074208123338759258e-01
5.060302166734690354e-01
5.080894410820258056e-01
5.057859102777026994e-01
5.063064702369897141e-01
5.040989633659079816e-01
5.024002351890126672e-01
5.005668857534508742e-01
5.013474857089356140e-01
5.015172641947871490e-01
5.020628993019374819e-01
4.965027093597165764e-01
5.002292311547061887e-01
5.044353175267670686e-01
4.997285072284645135e-01
4.996400857664246575e-01
5.015269380790163822e-01
4.997517549945361681e-01
4.935769294473607016e-01
4.987727340774364415e-01
4.955100381047146119e-01
4.976237694708282033e-01
4.975002129860328082e-01
4.933096261295764062e-01
4.923818004636339452e-01
4.897196193016354893e-01
4.883185651349079004e-01
4.952678158560470112e-01
4.921072185319675385e-01
4.881806697965836994e-01
4.885609071489996902e-01
4.886446888892903573e-01
4.886221561078776809e-01
4.879340605216859195e-01
4.845346849246964793e-01
4.847192831370507049e-01
4.902400681603931165e-01
4.831466822387995852e-01
4.851539747385216761e-01
4.868106233096448077e-01
4.819513002918930367e-01
4.820888616047055431e-01
4.805228187892365832e-01
4.767923702110471451e-01
4.764650007671043519e-01
4.732406254621365771e-01
4.753456426601079809e-01
4.821303207891697862e-01
4.764504690625047112e-01
4.778562822723149695e-01
4.746053194139615572e-01
4.812452736622854221e-01
4.802498876243807002e-01
4.755259010628588023e-01
4.817708308498064862e-01
4.805929725546457809e-01
4.736582143352593421e-01
4.639389407979079838e-01
4.640901087626332910e-01
4.589319941124134217e-01
4.615534054649770290e-01
4.618235800878228714e-01
4.598437416095778052e-01
4.581502441833584238e-01
4.565017281229267754e-01
4.586349076328470886e-01
4.571175812119278592e-01
4.593668678068290601e-01
4.571497178540557260e-01
4.568423341523031311e-01
4.555252653048443845e-01
4.569496802598260743e-01
4.561322088132226393e-01
4.548246487137005412e-01
4.556358759483264964e-01
4.544299357368217773e-01
4.557554832875479467e-01
4.561381044209064650e-01
4.543130605144030110e-01
4.551450805207389316e-01
4.559777232407944969e-01
4.557504067693790017e-01
4.538086677228597710e-01
4.567140898558949003e-01
4.530542345118571679e-01
4.531180241475321058e-01
4.541228408596525434e-01
4.532519059522997495e-01
4.529523757032368203e-01
4.540273681397209438e-01
4.530636994131000406e-01
4.519979341533710282e-01
4.544710597980707312e-01
4.533616959212752873e-01
4.518260149953725047e-01
4.520167449670816073e-01
4.505926349867210856e-01
4.550490341895832569e-01
4.533628226812154716e-01
4.504819188349882819e-01
4.518296167430442267e-01
4.507385679649772436e-01
4.504138936697070772e-01
4.526997374981937550e-01
4.514543284708460447e-01
4.503986482306767680e-01
4.508242146218018331e-01
4.491587715431967776e-01
4.485924588180779105e-01
4.498339527236036028e-01
4.505547665358326515e-01
4.484872786834228631e-01
4.511185454302866771e-01
4.511652596100165225e-01
4.498347703894840510e-01
4.493532934273808399e-01
4.480408054340205282e-01
4.504195486752035071e-01
4.464642583338063742e-01
4.482564952432643857e-01
4.500710191405364879e-01
4.489930861105776438e-01
4.469470400155148293e-01
4.501298297727013842e-01
4.475809841591958937e-01
4.482351569536479619e-01
4.478072123791851378e-01
4.465472594322700273e-01
4.455096316687181535e-01
4.457625353630233489e-01
4.471690469796718581e-01
4.460025751853246567e-01
4.463702698964862603e-01
4.461961886693799340e-01
4.463395677313215515e-01
4.442324348829368441e-01
4.469070773859999401e-01
4.461445681446269962e-01
4.457684069835275986e-01
4.469519735092928880e-01
