3.535951912105080197e+00
1.230618678904225050e+00
1.076152628693634483e+00
9.664448853535697603e-01
9.194069588561768480e-01
8.819548620676084250e-01
8.320123632284315285e-01
7.919620215366041105e-01
7.620095899010252971e-01
7.481994333277708353e-01
7.353446134996290962e-01
7.185582920506643489e-01
7.059935384008079184e-01
7.104798882212561839e-01
6.939733998344858046e-01
6.935278652537576471e-01
6.811029749586543502e-01
6.778309774534879706e-01
6.743402375009188709e-01
6.696912751617642989e-01
6.527062206043425796e-01
6.351179511454955184e-01
6.333976074528555600e-01
6.313512835947909796e-01
6.227407723696312125e-01
6.090311020330371194e-01
5.988221969640783460e-01
5.897669193458527914e-01
5.855087155787447317e-01
5.774025404072689049e-01
5.780195942765432582e-01
5.738528086717041843e-01
5.597297371033461699e-01
5.612489771773899738e-01
5.573587154679709998e-01
5.522264956480132936e-01
5.443142914172309776e-01
5.400504622799681131e-01
5.426035204128664136e-01
5.410628253009297506e-01
5.318697393822028330e-01
5.289076237312040352e-01
5.252248039704145999e-01
5.236382444225184951e-01
5.220669513134659212e-01
5.202746316300496110e-01
5.193005577125113792e-01
5.172476667228940173e-01
5.117690765952909171e-01
5.113564243200922066e-01
5.097625471301719946e-01
5.082448511518929957e-01
5.088790211802712848e-01
5.027250285528406248e-01
5.083997137293292390e-01
4.986597496491828596e-01
4.975115426954960784e-01
4.982583994566259222e-01
4.938753155807188988e-01
4.956220963465264306e-01
4.903168783399241559e-01
4.940126610534679719e-01
4.911284143955529924e-01
4.905607459337901211e-01
4.900637070491797864e-01
4.853899318632021176e-01
4.890881048233815531e-01
4.887299758642397740e-01
4.876467289384003312e-01
4.778087444183944932e-01
4.814259875125436183e-01
4.836850041802002731e-01
4.845010330065052662e-01
4.905616947011149365e-01
4.744623158977372968e-01
4.805260182914645739e-01
4.745180017273603057e-01
4.724634789474986829e-01
4.727549323057242403e-01
4.735914464219713738e-01
4.746534682472209887e-01
4.702697371045276298e-01
4.700874592300655630e-01
4.745083544895095096e-01
4.688013128169697397e-01
4.657017963918744230e-01
4.639131760387363856e-01
4.668270833523829322e-01
4.678420624238628922e-01
4.644355658465616488e-01
4.698823673658207301e-01
4.662263968806750203e-01
4.625269972063844603e-01
4.666574103466170076e-01
4.581405006700892679e-01
4.558392620644808879e-01
4.602266964274294714e-01
4.576853655913801777e-01
4.561537132485586898e-01
4.541956857840367401e-01
4.543826520183973372e-01
4.494096823169678179e-01
4.523432866122535922e-01
4.522442081593739949e-01
4.529512833903561186e-01
4.484798301657975106e-01
4.487513040784154583e-01
4.464792208006951868e-01
4.506847503240175024e-01
4.540474121047646805e-01
4.520932999704279087e-01
4.426135469069693573e-01
4.470476978008087743e-01
4.461839773125721997e-01
4.506777731218905569e-01
4.454217093752315670e-01
4.375166131488454901e-01
4.384170871023382321e-01
4.367311164185425643e-01
4.402219553111997308e-01
4.338676607987227984e-01
4.367898860179341147e-01
4.347365773848931858e-01
4.322123025443599387e-01
4.291852513710670558e-01
4.319192536720808384e-01
4.335943187944015231e-01
4.314986629028951803e-01
4.289317389301105510e-01
4.279339249475966889e-01
4.281687872539139406e-01
4.283800222009854775e-01
4.269561418568961764e-01
4.255317380153602613e-01
4.247498396017043154e-01
4.220564077457642504e-01
4.227408128908495266e-01
4.250673879419987200e-01
4.191535232799987187e-01
4.182706892878329530e-01
4.225155809373241089e-01
4.149170182809712171e-01
4.195835165601860539e-01
4.137924446442456938e-01
4.099188524899160524e-01
4.176211031010410024e-01
4.100958667596085738e-01
4.143741056230240694e-01
4.096427024215416601e-01
4.117458728222789799e-01
4.072653173969255080e-01
4.067781842087940802e-01
4.118431587951109085e-01
4.108401202973236965e-01
4.129938696275476384e-01
4.057116880742228648e-01
4.039562582678647429e-01
4.077036172212052390e-01
4.026374273145900684e-01
4.058475575732201079e-01
3.995622413069752632e-01
4.031562740024353664e-01
3.998759335808623194e-01
4.013062184845032077e-01
4.073001444327616904e-01
4.033961361912883903e-01
4.043142927145055854e-01
4.009762348456142877e-01
3.993739797898795962e-01
3.972665326833436095e-01
4.013695581916073007e-01
3.973214711132847521e-01
4.096354412253205290e-01
4.027359836400092319e-01
3.980967264373982406e-01
3.998450264650875163e-01
4.004010594566778658e-01
3.936976073902209161e-01
3.990911108487080194e-01
3.938268773010060730e-01
3.942416563496705106e-01
3.934048794666012983e-01
3.934816916630018424e-01
3.893954253606198290e-01
3.918985335663494607e-01
3.898908466379490401e-01
3.923609412165912080e-01
3.883097683480686291e-01
3.928287974099652358e-01
3.888078372695208396e-01
3.897995031523154297e-01
3.915098068245104757e-01
3.901041355061953819e-01
3.855796412641403492e-01
3.870912086418098474e-01
3.879071260298574408e-01
3.963856980951367959e-01
3.884812779090046631e-01
3.859513726593483685e-01
3.847131776584986063e-01
