2.775732844962989887e+00
1.212986801583585628e+00
1.145704005246258372e+00
1.083046261274321687e+00
1.047243872862684499e+00
1.018901224587378529e+00
1.001674307730374247e+00
9.754790905320815941e-01
9.506883830492086629e-01
9.283906002360308163e-01
8.987891992467069713e-01
8.784242949700621361e-01
8.628020439901209482e-01
8.523431041498298333e-01
8.427225435422714961e-01
8.322704690746869360e-01
8.290711644163770710e-01
8.246222399368090539e-01
8.204867524175446514e-01
8.223891665205013135e-01
8.045415916725574546e-01
7.983736032528262472e-01
7.942223452661728578e-01
7.916871277389458950e-01
7.913581128781452811e-01
7.916151168066590804e-01
7.884906355433720648e-01
7.786920993998183160e-01
7.786771373359502313e-01
7.722668812429931418e-01
7.728962824400986698e-01
7.787403229234453050e-01
7.657398136572852732e-01
7.661071292965712098e-01
7.655491341254774262e-01
7.669519924924554921e-01
7.611858371352455688e-01
7.528848950165133447e-01
7.551763996581492000e-01
7.553126180586172689e-01
7.551921889686895595e-01
7.518445543457470404e-01
7.519424786061720267e-01
7.518353188801482068e-01
7.499651593445586517e-01
7.479713587952503406e-01
7.440210772652300353e-01
7.457870191793122272e-01
7.445361568971213817e-01
7.383882955718016339e-01
7.353983432965939260e-01
7.418395597747987624e-01
7.369165080778345978e-01
7.405769147244818384e-01
7.352090275687457321e-01
7.354717879845998896e-01
7.311187731943682433e-01
7.284849318764243797e-01
7.334634521743379487e-01
7.260045471575676812e-01
7.432938806515609897e-01
7.240650688434722149e-01
7.296529625284091658e-01
7.226726489042881729e-01
7.323748714941346050e-01
7.285752471797638519e-01
7.219810832414281787e-01
7.254254731980788184e-01
7.301155095398486061e-01
7.209603101439643336e-01
7.181631211998792397e-01
7.183256295903689415e-01
7.221695141972428456e-01
7.146480764283610343e-01
7.231503964681467167e-01
7.147192070524867047e-01
7.199121616671242396e-01
7.169783786967843797e-01
7.211342108838577625e-01
7.228853028631888611e-01
7.126679269407815154e-01
7.148291236685240246e-01
7.136782552392682000e-01
7.194361993040341297e-01
7.080700217244592087e-01
7.111474428195015962e-01
7.072472864663303938e-01
7.090823323252198884e-01
7.044621387052087957e-01
7.100765151903680739e-01
7.041200501135111978e-01
7.035228624327701796e-01
7.028048957236391336e-01
6.998459089347917050e-01
7.025959559433745394e-01
7.138990610856907892e-01
7.100372246411117416e-01
7.038387899152367400e-01
7.007542680858704909e-01
7.065665735250858948e-01
6.941947275336882717e-01
7.006787192776559037e-01
6.945715578558921965e-01
6.961338301868404965e-01
7.027279347764212591e-01
6.923666902226719433e-01
6.898701292491180581e-01
6.958336220068366273e-01
6.987601168291768250e-01
6.919856150330087052e-01
7.059143041108405514e-01
6.902448356640732419e-01
6.906795879028111429e-01
6.946230285954415606e-01
6.892429325541140628e-01
6.907758213549364257e-01
6.929319889589610204e-01
6.887352488711599996e-01
6.909397896026896468e-01
6.841988124353728384e-01
6.946864847761077266e-01
6.870109048728758605e-01
6.844199610011217905e-01
6.870696228788275572e-01
6.945545046846707260e-01
6.861092752248063587e-01
6.848974706271524493e-01
6.850154888468152903e-01
6.827700338754040255e-01
6.833165755503920469e-01
6.849444384126919250e-01
6.838822657689245244e-01
6.843542925262152687e-01
6.895999666803378503e-01
6.842745159405682065e-01
6.841959738440049899e-01
6.854877646820594084e-01
6.819360595426647853e-01
6.891032402834619264e-01
6.813347772124906943e-01
6.795692596204280234e-01
6.830976786895271990e-01
6.784543417706723201e-01
6.842910834668751718e-01
6.845170144346668373e-01
6.787476605147584330e-01
6.806565253354911471e-01
6.788746593451461253e-01
6.814138751269219751e-01
6.804293673598497127e-01
6.812499043967404910e-01
6.797742915816282760e-01
6.795264712233570759e-01
6.809892299316424591e-01
6.693139368396739952e-01
6.625738234510205604e-01
6.621634225145247576e-01
6.624419179359865018e-01
6.604251039890788322e-01
6.616066537843762196e-01
6.630886728998598434e-01
6.606747866326121432e-01
6.592176090035020142e-01
6.604669134618673665e-01
6.616244601062000186e-01
6.599658402786908740e-01
6.600084007870226088e-01
6.612744766826670340e-01
6.595337429935169693e-01
6.603279192994010449e-01
6.585894356206738465e-01
6.589999815794963522e-01
6.586766686710185947e-01
6.574175013149062829e-01
6.584509752025500262e-01
6.573209328159121956e-01
6.584657492145511437e-01
6.579229028253211764e-01
6.590376892616887083e-01
6.600194537476242740e-01
6.598297333047230540e-01
6.569697402940762876e-01
6.566888157746927357e-01
6.567162769736725192e-01
6.561500219129998701e-01
6.563026236469847730e-01
6.555881755256853793e-01
6.572425423729920668e-01
6.565235875406942867e-01
6.571879004440331906e-01
6.550612547596705859e-01
6.560178519772271732e-01
6.558298041353923802e-01
6.559855967658668741e-01
6.559089201978144379e-01
6.549569642554806670e-01
6.566015245611053208e-01
6.570532815307684738e-01
6.551290547022391442e-01
6.550131187794193677e-01
