5.129581084165763194e+00
1.697381263125405049e+00
1.211026396103342506e+00
1.097261134997749021e+00
1.013699736974815968e+00
9.549975714715848163e-01
9.259100703154962142e-01
8.930204834870711927e-01
8.526881916118936866e-01
8.235331198876245651e-01
8.233996522957730546e-01
7.855588831901372249e-01
7.629024875077990986e-01
7.582926562451832719e-01
7.457509957410234369e-01
7.338437380612629068e-01
7.269006856645547909e-01
7.247587789630789423e-01
7.299730740686157793e-01
7.073085580935737360e-01
6.915112489106574056e-01
7.042347754557213291e-01
6.960108184019587751e-01
6.805103925886840655e-01
6.694614410173241881e-01
6.648618334881097880e-01
6.493405608837752307e-01
6.363109664318916670e-01
6.361546328500122804e-01
6.222722103542116523e-01
6.152555766691037986e-01
6.154975827633110130e-01
6.003057471749534413e-01
5.935156255316322849e-01
5.873354261687067090e-01
5.824173470362056237e-01
5.933664649360238519e-01
5.747559827587788162e-01
5.680084290001679026e-01
5.659696976632843102e-01
5.674998245621033499e-01
5.521987073418891390e-01
5.492112877190944431e-01
5.450255233880901828e-01
5.447616345818668826e-01
5.468145828848206547e-01
5.384702448116280848e-01
5.352473851380692427e-01
5.331897290698914826e-01
5.426111972620099033e-01
5.322341609989876821e-01
5.239544702409457688e-01
5.240183072633454175e-01
5.229701281533803980e-01
5.180121104832545731e-01
5.163140722885660727e-01
5.131790508464810774e-01
5.103478212945736781e-01
5.151408055220207949e-01
5.094777750167953645e-01
5.046368789456449067e-01
5.050280656488836950e-01
5.039617916527094899e-01
4.992783766793549849e-01
5.056590810005844316e-01
5.240418686826245898e-01
5.043703347612846777e-01
4.959359779342816243e-01
5.024704040865790589e-01
4.952253239105137705e-01
4.974313763779287245e-01
4.889945309997591472e-01
4.889288122562963079e-01
4.862822167241565574e-01
4.939436528201368581e-01
4.884194550426965709e-01
4.847826026222813445e-01
4.813159501396263029e-01
4.781452247673734224e-01
4.769966018828390442e-01
4.797928984244666517e-01
4.793686132113588183e-01
4.784634300152014741e-01
4.748655396142899554e-01
4.720153622384627989e-01
4.750487309980298001e-01
4.733759985098382472e-01
4.703487117049064969e-01
4.707794790348581726e-01
4.739070812250517073e-01
4.691921954789906590e-01
4.708585424435240974e-01
4.639927842112322454e-01
4.665499064051877309e-01
4.645311790802911234e-01
4.647699825223581271e-01
4.654099250616627881e-01
4.603070146198385282e-01
4.674987238905043418e-01
4.608992026773136019e-01
4.591930887559815821e-01
4.526059934738945190e-01
4.551494677024737756e-01
4.593034450672571767e-01
4.550633745299687005e-01
4.515726130934564209e-01
4.529056438183171052e-01
4.512685011990432704e-01
4.482188623879408973e-01
4.461694426410560133e-01
4.452268249826588642e-01
4.507254953526819152e-01
4.458847062216462209e-01
4.478517093254776871e-01
4.465950841662372772e-01
4.435433866355902310e-01
4.389118466511869876e-01
4.430334694880783131e-01
4.357205778786107375e-01
4.357539052950091252e-01
4.349539886027877222e-01
4.341360128058436296e-01
4.388119851242918701e-01
4.372599068810562040e-01
4.275875234106790712e-01
4.264237465196423771e-01
4.282806641557445060e-01
4.264083415899999618e-01
4.482055605725693281e-01
4.389681727131437006e-01
4.331972579713547211e-01
4.268969466148105907e-01
4.227099141470767041e-01
4.201632798287022186e-01
4.165268524977609466e-01
4.191734260079074126e-01
4.160225775578743068e-01
4.198013300367431921e-01
4.144327952839599316e-01
4.126222684956921127e-01
4.174034496559757001e-01
4.121918112781147170e-01
4.087090884363456800e-01
4.053595918116294494e-01
4.066494251326421283e-01
4.048947539951569530e-01
4.040016159267481033e-01
4.016060295451140960e-01
4.030525671668720999e-01
3.986444083580375497e-01
4.006538741060500786e-01
3.986074001243446463e-01
3.963049580437488228e-01
3.942370846550418695e-01
3.952089693600457365e-01
3.951478653588960110e-01
3.980554364337031137e-01
3.918295233051012350e-01
3.962267502014023002e-01
3.938557914122604031e-01
3.875762571382774802e-01
3.875894100090994665e-01
3.826642667840673417e-01
3.854101123318284250e-01
3.815877499917983418e-01
3.798624486172198500e-01
3.866820914059568293e-01
3.784981345816988973e-01
3.833671872206570463e-01
3.795832918625761665e-01
3.825834098033027986e-01
3.738202476555919640e-01
3.793863155391067887e-01
3.747865541605409634e-01
3.756502824211767066e-01
3.743980013124206252e-01
3.708321252214656916e-01
3.724382608961440133e-01
3.703284347231634577e-01
3.686717550901879581e-01
3.728908133897169686e-01
3.710847652753050396e-01
3.669680216236860248e-01
3.664368664481365001e-01
3.661080509932999050e-01
3.662663872383047359e-01
3.635745961530306158e-01
3.639021896407420575e-01
3.667145010307271691e-01
3.603579089657752976e-01
3.702142225436133582e-01
3.630143470625243340e-01
3.623517162879493769e-01
3.681317368654067335e-01
3.597387918747572133e-01
3.610017097913247874e-01
3.584988587194113396e-01
3.616977403263596513e-01
3.612518637636002450e-01
3.672099770796110052e-01
